  
  
36.83140909090909 8.481818181818177 14.59097727272727
37.96040909090909 8.111818181818176 14.84997727272727
39.01440909090909 8.894818181818177 14.53997727272727
38.17840909090909 6.806818181818177 15.50597727272727
37.09640909090909 5.989818181818177 15.83897727272727
39.47440909090909 6.368818181818177 15.81097727272727
39.62340909090909 5.137818181818177 16.42497727272727
38.49940909090909 4.384818181818177 16.71697727272727
37.29040909090909 4.822818181818179 16.41797727272727
36.13240909090909 3.987818181818178 16.74597727272727
36.46740909090909 2.588818181818177 16.61997727272727
35.74240909090909 4.168818181818176 18.22897727272727
36.86640909090909 4.610818181818176 18.99197727272727
35.30540909090909 2.756818181818177 18.67697727272727
36.14640909090909 2.282818181818176 19.72997727272727
35.48340909090909 1.889818181818176 17.41097727272727
35.99440909090909 0.4978181818181762 17.78697727272727
36.11040909090909 -0.3011818181818233 16.60697727272727
36.64840909090909 -1.745181818181822 17.07297727272727
38.01840909090909 -1.606181818181823 17.62697727272727
35.74840909090909 -2.296181818181824 18.11397727272727
36.68040909090909 -2.740181818181823 15.80797727272727
36.70040909090909 -4.239181818181822 16.39697727272727
38.04940909090909 -4.544181818181822 16.92897727272727
35.70140909090909 -4.355181818181822 17.48697727272727
36.33740909090909 -5.281181818181824 15.22397727272727
36.25440909090909 -6.573181818181822 15.82897727272727
35.91140909090909 -7.615181818181823 14.76297727272727
35.70640909090909 -8.993181818181824 15.42497727272727
36.37340909090909 -9.056181818181823 16.68697727272727
36.37040909090909 -9.954181818181823 14.40097727272727
36.86640909090909 -11.13018181818182 15.04297727272727
37.53040909090909 -9.069181818181825 13.87797727272727
36.99640909090909 -7.736181818181822 13.83597727272727
37.93140909090909 -9.498181818181823 12.53697727272727
38.86240909090909 -10.46218181818182 12.23697727272727
38.91040909090909 -10.53118181818182 10.83497727272727
38.03140909090909 -9.617181818181823 10.35897727272727
37.45540909090909 -9.010181818181824 11.35597727272727
39.63840909090909 -11.27218181818182 12.94997727272727
40.44840909090909 -12.12118181818182 12.35497727272727
40.53140909090909 -12.21918181818182 11.04097727272727
39.79240909090909 -11.45318181818183 10.24497727272727
39.88740909090909 -11.56218181818183 8.868977272727271
