 -23.15916197382389 24.12134418111071 84.51975031835886
 -22.03016197382389 23.75134418111072 84.77875031835886
 -20.97616197382389 24.53434418111072 84.46875031835886
 -21.81216197382389 22.44634418111072 85.43475031835885
 -22.89416197382389 21.62934418111072 85.76775031835886
 -20.51616197382389 22.00834418111071 85.73975031835886
 -20.36716197382389 20.77734418111072 86.35375031835886
 -21.49116197382389 20.02434418111072 86.64575031835886
 -22.7001619738239 20.46234418111072 86.34675031835886
 -23.85816197382389 19.62734418111072 86.67475031835886
 -23.52316197382389 18.22834418111072 86.54875031835886
 -24.24816197382389 19.80834418111072 88.15775031835886
 -23.1241619738239 20.25034418111072 88.92075031835886
 -24.6851619738239 18.39634418111072 88.60575031835886
 -23.84416197382389 17.92234418111072 89.65875031835886
 -24.50716197382389 17.52934418111072 87.33975031835885
 -23.9961619738239 16.13734418111072 87.71575031835886
 -23.8801619738239 15.33834418111072 86.53575031835886
 -23.34216197382389 13.89434418111072 87.00175031835886
 -21.97216197382389 14.03334418111072 87.55575031835886
 -24.24216197382389 13.34334418111072 88.04275031835886
 -23.3101619738239 12.89934418111072 85.73675031835886
 -23.29016197382389 11.40034418111072 86.32575031835886
 -21.9411619738239 11.09534418111072 86.85775031835885
 -24.28916197382389 11.28434418111072 87.41575031835886
 -23.65316197382389 10.35834418111072 85.15275031835885
 -23.73616197382389 9.066344181110718 85.75775031835886
 -24.07916197382389 8.024344181110717 84.69175031835886
 -24.28416197382389 6.646344181110715 85.35375031835886
 -23.61716197382389 6.583344181110716 86.61575031835886
 -23.62016197382389 5.685344181110716 84.32975031835886
 -23.1241619738239 4.50934418111072 84.97175031835886
 -22.46016197382389 6.570344181110714 83.80675031835887
 -22.99416197382389 7.903344181110718 83.76475031835886
 -22.05916197382389 6.141344181110716 82.46575031835886
 -21.12816197382389 5.177344181110719 82.16575031835886
 -21.08016197382389 5.10834418111072 80.76375031835886
 -21.9591619738239 6.022344181110716 80.28775031835886
 -22.53516197382389 6.629344181110715 81.28475031835886
 -20.35216197382389 4.367344181110719 82.87875031835885
 -19.54216197382389 3.51834418111072 82.28375031835886
 -19.4591619738239 3.420344181110719 80.96975031835886
 -20.19816197382389 4.186344181110709 80.17375031835886
 -20.10316197382389 4.077344181110709 78.79775031835887


